; REWARD_HOOK
1483624,2
1483625,0
1483626,73
1483627,148
1483628,46
1483629,0
1483630,32
1483631,17
1483632,0
1483633,0
1483634,0
1483635,0
1483636,8
1483637,247
1483638,11
1483639,8
; REWARD_FUNC
2092064,255
2092065,255
2092066,34
2092067,37
2092068,0
2092069,17
2092070,2
2092071,0
2092072,48
2092073,0
2092074,1
2092075,60
2092076,0
2092077,222
2092078,33
2092079,36
2092080,33
2092081,8
2092082,34
2092083,0
2092084,45
2092085,144
2092086,0
2092087,0
2092088,1
2092089,0
2092090,82
2092091,38
2092092,0
2092093,0
2092094,36
2092095,144
2092096,22
2092097,0
2092098,128
2092099,16
2092100,0
2092101,0
2092102,0
2092103,0
2092104,1
2092105,0
2092106,2
2092107,52
2092108,6
2092109,0
2092110,130
2092111,16
2092112,0
2092113,0
2092114,0
2092115,0
2092116,2
2092117,0
2092118,2
2092119,52
2092120,11
2092121,0
2092122,130
2092123,16
2092124,0
2092125,0
2092126,0
2092127,0
2092128,14
2092129,0
2092130,0
2092131,16
2092132,0
2092133,0
2092134,0
2092135,0
2092136,2
2092137,0
2092138,41
2092139,144
2092140,41
2092141,247
2092142,11
2092143,8
2092144,3
2092145,0
2092146,42
2092147,144
2092148,4
2092149,0
2092150,73
2092151,42
2092152,239
2092153,255
2092154,32
2092155,21
2092156,4
2092157,0
2092158,33
2092159,36
2092160,6
2092161,0
2092162,0
2092163,16
2092164,0
2092165,0
2092166,0
2092167,0
2092168,87
2092169,247
2092170,11
2092171,8
2092172,2
2092173,0
2092174,36
2092175,148
2092176,4
2092177,0
2092178,73
2092179,42
2092180,232
2092181,255
2092182,32
2092183,21
2092184,4
2092185,0
2092186,33
2092187,36
2092188,12
2092189,165
2092190,9
2092191,8
2092192,0
2092193,0
2092194,0
2092195,0
; REWARD_GIVE_ITEM
2092196,216
2092197,255
2092198,189
2092199,39
2092200,0
2092201,0
2092202,162
2092203,255
2092204,8
2092205,0
2092206,163
2092207,255
2092208,16
2092209,0
2092210,165
2092211,255
2092212,24
2092213,0
2092214,166
2092215,255
2092216,32
2092217,0
2092218,167
2092219,255
2092220,45
2092221,40
2092222,0
2092223,0
2092224,45
2092225,64
2092226,224
2092227,0
2092228,12
2092229,0
2092230,11
2092231,38
2092232,144
2092233,0
2092234,166
2092235,36
2092236,0
2092237,0
2092238,0
2092239,0
2092240,1
2092241,0
2092242,165
2092243,36
2092244,33
2092245,24
2092246,6
2092247,1
2092248,0
2092249,0
2092250,98
2092251,144
2092252,6
2092253,0
2092254,73
2092255,20
2092256,4
2092257,0
2092258,164
2092259,40
2092260,33
2092261,24
2092262,102
2092263,1
2092264,0
2092265,0
2092266,98
2092267,144
2092268,33
2092269,16
2092270,74
2092271,0
2092272,19
2092273,0
2092274,0
2092275,16
2092276,0
2092277,0
2092278,98
2092279,160
2092280,245
2092281,255
2092282,128
2092283,20
2092284,144
2092285,0
2092286,166
2092287,36
2092288,45
2092289,40
2092290,0
2092291,0
2092292,45
2092293,64
2092294,224
2092295,0
2092296,12
2092297,0
2092298,11
2092299,38
2092300,144
2092301,0
2092302,166
2092303,36
2092304,0
2092305,0
2092306,0
2092307,0
2092308,1
2092309,0
2092310,165
2092311,36
2092312,33
2092313,32
2092314,6
2092315,1
2092316,0
2092317,0
2092318,130
2092319,144
2092320,5
2092321,0
2092322,64
2092323,20
2092324,4
2092325,0
2092326,163
2092327,40
2092328,33
2092329,16
2092330,102
2092331,1
2092332,0
2092333,0
2092334,137
2092335,160
2092336,3
2092337,0
2092338,0
2092339,16
2092340,0
2092341,0
2092342,74
2092343,160
2092344,246
2092345,255
2092346,96
2092347,20
2092348,144
2092349,0
2092350,166
2092351,36
2092352,0
2092353,0
2092354,162
2092355,223
2092356,8
2092357,0
2092358,163
2092359,223
2092360,16
2092361,0
2092362,165
2092363,223
2092364,24
2092365,0
2092366,166
2092367,223
2092368,32
2092369,0
2092370,167
2092371,223
2092372,29
2092373,247
2092374,11
2092375,8
2092376,40
2092377,0
2092378,189
2092379,39
; REWARD_SET_FLAG
2092380,216
2092381,255
2092382,189
2092383,39
2092384,0
2092385,0
2092386,162
2092387,255
2092388,8
2092389,0
2092390,163
2092391,255
2092392,16
2092393,0
2092394,165
2092395,255
2092396,24
2092397,0
2092398,166
2092399,255
2092400,32
2092401,0
2092402,167
2092403,255
2092404,0
2092405,0
2092406,131
2092407,40
2092408,31
2092409,0
2092410,135
2092411,36
2092412,45
2092413,16
2092414,128
2092415,0
2092416,176
2092417,168
2092418,134
2092419,143
2092420,11
2092421,16
2092422,227
2092423,0
2092424,1
2092425,0
2092426,5
2092427,52
2092428,67
2092429,17
2092430,2
2092431,0
2092432,4
2092433,40
2092434,133
2092435,0
2092436,128
2092437,16
2092438,2
2092439,0
2092440,64
2092441,8
2092442,66
2092443,36
2092444,33
2092445,48
2092446,194
2092447,0
2092448,0
2092449,0
2092450,195
2092451,140
2092452,37
2092453,24
2092454,101
2092455,0
2092456,0
2092457,0
2092458,195
2092459,172
2092460,0
2092461,0
2092462,162
2092463,223
2092464,8
2092465,0
2092466,163
2092467,223
2092468,16
2092469,0
2092470,165
2092471,223
2092472,24
2092473,0
2092474,166
2092475,223
2092476,32
2092477,0
2092478,167
2092479,223
2092480,36
2092481,247
2092482,11
2092483,8
2092484,40
2092485,0
2092486,189
2092487,39
